w5: 1
0 1 1 1 1
1 0 1 0 1
1 1 0 1 0
1 0 1 0 1
1 1 0 1 0

w6: 1
0 1 1 1 1 1
1 0 1 0 0 1
1 1 0 1 0 0
1 0 1 0 1 0
1 0 0 1 0 1
1 1 0 0 1 0

k_2_2: 1
0 0 1 1
0 0 1 1
1 1 0 0
1 1 0 0

k_2_3: 1
0 0 1 1 1
0 0 1 1 1
1 1 0 0 0
1 1 0 0 0
1 1 0 0 0

stablo2: 1
0 1 0 0 0 0 0
1 0 1 1 1 0 0
0 1 0 0 0 1 1
0 1 0 0 0 0 0
0 1 0 0 0 0 0
0 0 1 0 0 0 0
0 0 1 0 0 0 0

petersen: 1
0 1 1 0 0 1 0 0 0 0
1 0 0 1 0 0 1 0 0 0
1 0 0 0 1 0 0 1 0 0
0 1 0 0 1 0 0 0 1 0
0 0 1 1 0 0 0 0 0 1
1 0 0 0 0 0 0 0 1 1
0 1 0 0 0 0 0 1 0 1
0 0 1 0 0 0 1 0 1 0
0 0 0 1 0 1 0 1 0 0
0 0 0 0 1 1 1 0 0 0

k5: 0
0 1 1 1 1
1 0 1 1 1
1 1 0 1 1
1 1 1 0 1
1 1 1 1 0

k6-e1: 0
0 0 1 1 1 1
0 0 1 1 1 1
1 1 0 1 1 1
1 1 1 0 1 1
1 1 1 1 0 1
1 1 1 1 1 0

k6-e2: 0
0 1 1 1 1 1
1 0 1 1 1 1
1 1 0 1 1 0
1 1 1 0 1 1
1 1 1 1 0 1
1 1 0 1 1 0

k6-e3: 0
0 1 1 1 1 1
1 0 1 1 1 1
1 1 0 1 0 1
1 1 1 0 1 1
1 1 0 1 0 1
1 1 1 1 1 0

c5: 1
0 1 0 0 1
1 0 1 0 0
0 1 0 1 0
0 0 1 0 1
1 0 0 1 0